2166.83000 13.316 0.005
2172.87877 13.347 0.005
2189.83600 13.415 0.005
2191.87033 13.443 0.005
2200.87108 13.489 0.005
2212.78503 13.523 0.005
2217.76995 13.573 0.005
2223.79023 13.579 0.005
2226.76508 13.600 0.005
2228.80859 13.611 0.005
2232.74223 13.627 0.005
2234.73600 13.617 0.005
2238.68682 13.637 0.005
2240.81574 13.645 0.005
2242.82154 13.653 0.005
2249.75477 13.716 0.005
2251.78724 13.705 0.005
2253.74770 13.722 0.005
2255.85744 13.728 0.005
2258.66437 13.757 0.005
2261.64998 13.794 0.005
2265.75201 13.810 0.005
2271.66511 13.857 0.005
2273.66082 13.823 0.005
2274.61289 13.821 0.005
2275.77108 13.848 0.005
2277.76586 13.886 0.005
2277.78046 13.892 0.005
2279.77094 13.871 0.005
2281.78483 13.899 0.005
2283.78794 13.887 0.005
2289.71709 13.920 0.005
2291.72452 13.953 0.005
2293.69664 13.947 0.005
2295.72341 13.935 0.005
2297.71427 13.965 0.005
2299.73666 13.968 0.005
2302.58393 13.992 0.005
2317.63347 14.079 0.005
2326.55254 14.122 0.005
2338.52022 14.219 0.005
2344.51302 14.240 0.005
2354.51482 14.292 0.005
2368.49881 14.305 0.005
2401.50085 14.501 0.005
2520.90966 15.135 0.006
2521.88902 15.153 0.006
2537.84238 15.193 0.007
2539.81721 15.223 0.006
2542.80957 15.243 0.006
2545.79124 15.251 0.006
2551.85594 15.282 0.006
2555.87998 15.301 0.006
2559.78889 15.334 0.006
2563.83910 15.385 0.007
2577.82868 15.425 0.007
2580.85813 15.443 0.006
2589.76518 15.467 0.006
2599.82575 15.544 0.007
2609.63821 15.598 0.007
2617.79428 15.653 0.007
2620.76236 15.647 0.007
2623.70670 15.655 0.007
2627.60289 15.679 0.008
2629.62762 15.698 0.007
2634.67175 15.722 0.007
2637.69777 15.746 0.007
2639.81257 15.755 0.007
2641.63520 15.731 0.007
2643.64623 15.756 0.007
2645.63896 15.755 0.007
2646.66638 15.756 0.007
2650.72288 15.760 0.008
2652.71366 15.832 0.007
2654.81744 15.828 0.007
2657.73196 15.838 0.008
2659.70095 15.825 0.007
2661.80065 15.864 0.007
2665.77061 15.921 0.007
2667.80419 15.927 0.007
2673.67980 15.867 0.008
2675.70673 15.884 0.007
2677.74140 15.898 0.009
2679.73210 15.916 0.007
2681.74880 15.932 0.007
2686.55749 15.928 0.009
2695.56632 16.001 0.007
2700.51734 15.983 0.008
2705.58926 16.018 0.008
2712.55174 16.028 0.008
2734.50144 16.109 0.010
2884.84477 16.194 0.008
2890.81255 16.154 0.010
2895.84823 16.199 0.008
2900.80391 16.222 0.008
2906.83486 16.211 0.008
2910.86833 16.222 0.008
2915.86450 16.169 0.008
2921.86679 16.247 0.009
2925.81231 16.214 0.008
2929.85422 16.190 0.008
2933.79386 16.236 0.008
2939.80236 16.217 0.009
2942.77779 16.244 0.008
2946.79821 16.218 0.009
2948.84329 16.218 0.008
2952.78258 16.157 0.008
2955.83961 16.161 0.010
2957.76714 16.134 0.008
2961.75050 16.138 0.008
2963.80875 16.097 0.009
2966.74811 16.040 0.007
2970.76218 15.998 0.007
2974.67686 15.884 0.007
2975.80200 15.855 0.007
2979.83846 15.783 0.007
2981.84571 15.704 0.008
2983.74649 15.675 0.007
2986.72894 15.611 0.007
2988.69586 15.554 0.007
2990.72048 15.532 0.007
2992.71733 15.453 0.006
2994.80807 15.396 0.006
2996.68355 15.325 0.006
2998.66687 15.273 0.006
3000.68367 15.232 0.006
3002.67087 15.200 0.006
3004.67061 15.144 0.006
3006.61633 15.071 0.005
3010.69090 14.997 0.006
3012.78636 15.003 0.006
3016.70506 14.902 0.005
3018.69488 14.878 0.005
3020.77027 14.866 0.005
3022.79668 14.841 0.005
3024.74533 14.812 0.005
3026.71437 14.775 0.005
3028.75007 14.749 0.005
3030.75512 14.707 0.005
3033.67704 14.669 0.005
3035.68325 14.621 0.005
3038.66691 14.568 0.005
3041.56404 14.526 0.005
3043.59385 14.505 0.005
3045.63287 14.471 0.005
3047.58705 14.395 0.005
3049.59274 14.396 0.005
3050.56336 14.371 0.005
3052.55766 14.323 0.005
3054.55931 14.306 0.005
3056.55847 14.295 0.005
3058.55152 14.268 0.005
3067.63432 14.093 0.005
3069.59285 14.068 0.005
3072.64099 14.034 0.005
3075.59557 13.988 0.005
3078.51684 13.964 0.005
3081.67034 13.926 0.005
3084.58257 13.907 0.005
3087.54353 13.871 0.005
3089.64620 13.851 0.005
3092.58495 13.801 0.005
3098.58791 13.781 0.005
3101.54823 13.750 0.005
3104.51964 13.730 0.005
3110.52801 13.720 0.005
3113.51166 13.705 0.005
3125.50912 13.634 0.005
3135.47501 13.588 0.005
3229.88915 13.077 0.005
3239.90304 13.049 0.005
3247.87393 13.096 0.005
3256.85062 13.071 0.005
3268.84278 13.082 0.005
3273.80163 13.067 0.005
3276.88712 13.102 0.005
3281.79732 13.112 0.005
3289.81100 13.140 0.005
3294.80894 13.150 0.005
3296.81435 13.115 0.005
3298.84495 13.149 0.005
3301.66522 13.140 0.005
3303.83429 13.149 0.005
3306.80906 13.187 0.005
3308.82588 13.150 0.005
3310.85820 13.164 0.005
3314.82573 13.184 0.005
3321.70451 13.228 0.005
3329.79763 13.287 0.005
3334.69376 13.232 0.005
3338.74978 13.251 0.005
3349.72194 13.287 0.005
3352.63647 13.297 0.005
3355.65832 13.335 0.005
3359.71731 13.298 0.005
3363.69525 13.321 0.005
3369.76219 13.363 0.005
3377.70141 13.394 0.005
3386.78405 13.398 0.005
3391.57482 13.422 0.005
3395.62957 13.440 0.005
3398.68637 13.439 0.005
3400.67274 13.433 0.005
3403.66151 13.411 0.005
3406.59549 13.463 0.005
3410.61319 13.469 0.005
3415.56877 13.464 0.005
3421.57325 13.534 0.005
3428.57223 13.508 0.005
3436.56654 13.532 0.005
3443.50929 13.557 0.005
3452.52912 13.587 0.005
3574.91976 14.084 0.005
3588.91010 14.184 0.005
3590.91200 14.192 0.005
3614.90125 14.283 0.005
3629.79661 14.411 0.005
3634.75473 14.423 0.005
3640.75107 14.437 0.005
3644.89337 14.472 0.005
3650.80314 14.463 0.005
3653.83104 14.476 0.005
3656.88699 14.515 0.005
3661.79341 14.545 0.005
3666.79057 14.576 0.005
3671.78894 14.582 0.005
3675.80337 14.640 0.005
3683.82652 14.663 0.005
3687.68835 14.661 0.005
3689.79196 14.690 0.005
3692.71249 14.688 0.005
3694.84477 14.698 0.005
3696.66527 14.672 0.005
3699.67756 14.743 0.005
3701.72869 14.723 0.005
3704.75000 14.728 0.005
3706.74849 14.758 0.005
3711.64028 14.800 0.005
3713.65389 14.804 0.005
3716.68735 14.809 0.005
3719.66463 14.818 0.005
3725.74795 14.867 0.005
3727.69590 14.846 0.005
3730.62419 14.900 0.005
3733.61290 14.893 0.005
3734.71574 14.902 0.005
3736.73468 14.898 0.005
3738.65659 14.903 0.005
3740.69161 14.940 0.005
3743.65708 14.922 0.005
3746.73102 14.934 0.005
3748.68431 14.946 0.005
3750.57591 14.952 0.005
3752.69716 14.986 0.005
3754.68556 14.990 0.005
3758.70644 15.010 0.005
3762.66452 15.032 0.005
3765.65510 15.069 0.005
3769.72708 15.057 0.005
3772.69524 15.079 0.005
3775.66721 15.051 0.006
3778.66569 15.115 0.005
3781.72671 15.186 0.005
3786.54977 15.102 0.005
3791.54540 15.100 0.005
3798.54573 15.138 0.005
3805.53093 15.195 0.006
3819.50981 15.248 0.005
3938.92755 15.744 0.007
3961.90464 15.783 0.007
3968.88714 15.823 0.007
3974.87270 15.872 0.007
3981.78019 15.898 0.007
3987.90417 15.937 0.007
3995.81182 15.964 0.007
4002.81119 15.992 0.007
4004.83242 15.991 0.007
4007.76504 15.995 0.007
4011.74576 16.010 0.007
4018.78513 15.996 0.007
4023.77950 16.016 0.007
4026.69549 16.072 0.007
4028.83149 16.033 0.007
4031.71923 16.024 0.007
4037.82672 16.032 0.007
4040.79490 16.016 0.007
4042.81040 16.038 0.007
4046.68516 16.069 0.007
4048.77452 16.059 0.007
4051.76418 16.081 0.007
4053.81547 16.041 0.007
4056.63533 16.072 0.007
4059.64637 16.050 0.007
4064.66900 16.090 0.007
4067.66949 16.066 0.007
4069.65760 16.068 0.007
4072.69474 16.066 0.007
4076.76519 16.085 0.007
4079.64011 16.089 0.007
4082.66077 16.111 0.007
4084.74117 16.115 0.007
4087.66098 16.071 0.007
4093.80933 16.090 0.007
4102.61557 16.117 0.007
4104.78430 16.124 0.008
4109.64559 16.105 0.007
4113.66440 16.078 0.007
4118.57132 16.082 0.007
4120.65746 16.054 0.007
4124.68819 16.078 0.007
4127.64208 16.080 0.007
4132.62012 16.045 0.007
4142.55509 16.114 0.009
4150.53216 16.144 0.008
4153.60680 16.115 0.008
4165.53716 16.092 0.009
4180.52707 16.061 0.009
4341.84164 14.200 0.005
4345.90075 14.155 0.005
4350.87517 14.102 0.005
4355.88279 14.092 0.005
4361.84354 14.044 0.005
4364.85036 14.062 0.005
4367.76287 14.026 0.005
4370.79972 14.010 0.005
4376.83480 13.997 0.005
4379.84113 13.990 0.005
4383.84539 13.978 0.005
4388.78528 13.932 0.005
4392.83953 13.900 0.005
4398.78835 13.779 0.005
4403.72812 13.701 0.005
4410.85528 13.599 0.005
4417.74322 13.468 0.005
4421.71920 13.370 0.005
4421.77514 13.392 0.005
4425.73922 13.301 0.005
4429.70339 13.239 0.005
4431.84320 13.202 0.005
4435.86202 13.150 0.005
4439.71572 13.109 0.005
4442.69299 13.070 0.005
4448.74645 13.009 0.005
4450.75331 13.015 0.005
4453.72898 13.046 0.005
4456.74233 12.993 0.005
4458.68995 12.934 0.005
4461.64005 12.937 0.005
4465.66086 12.939 0.005
4468.69165 12.939 0.005
4473.62794 12.915 0.005
4477.71545 12.931 0.005
4479.73707 12.890 0.005
4483.69696 12.933 0.005
4486.69544 12.874 0.005
4490.69366 12.872 0.005
4493.76448 12.830 0.005
4498.62894 12.882 0.005
4501.62199 12.824 0.005
4503.62302 12.825 0.005
4508.56580 12.835 0.005
4510.64774 12.855 0.005
4516.52844 12.841 0.005
4520.61843 12.828 0.005
4523.60197 12.818 0.005
4530.54541 12.847 0.005
4535.59655 12.876 0.005
4538.61713 12.824 0.005
4540.58639 12.843 0.005
4544.55229 12.840 0.005
4546.60431 12.870 0.005
4559.53295 12.888 0.005
4566.55529 12.892 0.005
4574.51373 12.888 0.005
4591.47721 12.918 0.005
4681.90536 13.199 0.005
4691.87088 13.254 0.005
4704.90164 13.277 0.005
4717.86746 13.335 0.005
4722.88705 13.336 0.005
4726.82799 13.367 0.005
4730.84984 13.404 0.005
4747.82103 13.489 0.005
4750.89431 13.505 0.005
4756.79179 13.517 0.005
4759.83893 13.528 0.005
4762.79862 13.547 0.005
4768.77666 13.584 0.005
4771.81857 13.612 0.005
4774.79928 13.625 0.005
4775.68343 13.633 0.005
4776.65323 13.640 0.005
4776.85299 13.630 0.005
4777.67121 13.630 0.005
4777.86736 13.635 0.005
4778.68485 13.640 0.005
4779.68537 13.660 0.005
4780.69750 13.644 0.005
4780.78601 13.649 0.005
4780.86115 13.655 0.005
4781.66149 13.653 0.005
4782.65588 13.660 0.005
4783.78391 13.683 0.005
4788.71046 13.719 0.005
4791.68689 13.733 0.005
4794.65668 13.731 0.005
4797.67397 13.743 0.005
4800.72005 13.774 0.005
4802.75174 13.790 0.005
4805.72111 13.807 0.005
4807.68371 13.818 0.005
4809.67648 13.832 0.005
4812.66407 13.848 0.005
4814.65211 13.877 0.005
4816.65377 13.880 0.005
4818.67589 13.896 0.005
4820.68283 13.927 0.005
4823.69597 13.915 0.005
4825.77522 13.952 0.005
4831.81714 13.993 0.005
4834.75036 14.007 0.005
4836.75276 14.047 0.005
4838.70333 14.016 0.005
4841.71991 14.038 0.005
4843.71918 14.032 0.005
4846.68514 14.055 0.005
4848.71099 14.110 0.005
4850.70310 14.120 0.005
4851.68403 14.150 0.005
4851.80479 14.165 0.005
4852.69727 14.158 0.005
4853.66185 14.171 0.005
4854.70048 14.137 0.005
4854.74915 14.151 0.005
4855.64926 14.145 0.005
4856.69685 14.125 0.005
4859.66939 14.133 0.005
4865.71609 14.220 0.005
4867.65235 14.244 0.005
4870.63783 14.229 0.005
4873.66030 14.281 0.005
4875.61828 14.268 0.005
4877.64363 14.332 0.005
4879.57209 14.332 0.005
4882.66520 14.334 0.005
4884.60271 14.307 0.005
4887.63911 14.380 0.005
4901.64228 14.442 0.005
4908.58977 14.490 0.005
4916.53477 14.524 0.005
4920.56619 14.509 0.005
4924.51693 14.544 0.005
4925.50799 14.542 0.005
4926.52297 14.562 0.005
4927.50025 14.548 0.005
4928.50136 14.593 0.005
4930.48782 14.597 0.005
4931.49062 14.606 0.005
4931.55981 14.609 0.005
4933.47540 14.599 0.005
4935.52646 14.605 0.005
4939.53341 14.587 0.005
4943.53313 14.649 0.005
4948.50990 14.663 0.005
4955.49311 14.700 0.005
